node_coords=[[146,227],
[201,212],
[393,160],
[454,144],
[469,186],
[535,307],
[584,371],
[410,547],
[349,578]]


node_coords_large =[[266,358],
[286,353],
[354,335],
[376,329],
[381,344],
[404,388],
[421,411],
[360,474],
[338,483]]


nodes_destinations_large=[[283,233],
[248,256],
[299,231],
[490,236],
[506,468],
[505,314],
[505,314],
[141,441],
[486,636]]


large_scale_paths = {
"0":[[283,233],[291,251],[266,358]],
"1":[[248,256], [254,380], [253,316], [237,352], [194,385], [158,387], [194,385], [237,352], [286,343], [286,353]], 
"2":[[299,231], [308,246], [308,248], [335,296], [354,335]], 
"3":[[490,236], [476,258], [432,304], [376,329], [356,272], [320,212], [287,175], [320,212], [356,272], [376,329]], 
"4":[[506,468], [469,423], [415,380], [376,282], [347,227], [376,282], [415,380], [381,344]],
"5":[[505,314], [475,350], [446,358],  [404,388]], 
"6":[[505,314], [475,350], [421,411]], 
"7":[[141,441], [234,463], [287,489], [334,491], [361,486], [360,474]], 
"8":[[486,636], [389,522], [338,483]]
} 


node_correspondance=[0,1,2,3,4,5,6,7,8]